27.12
45.00
3.17
27.06
45.00
4.63
27.06
45.00
5.63
27.25
45.00
6.63
27.31
45.00
7.63
27.37
45.00
8.64
27.31
45.00
9.64
27.31
45.00
10.64
27.31
45.00
11.65
27.31
45.00
12.65
27.31
45.00
14.11
27.31
45.00
15.11
27.25
45.00
16.11
27.25
45.00
17.12
27.25
45.00
18.12
27.25
45.00
19.12
27.25
45.00
20.12
27.31
45.00
21.13
27.31
45.00
22.13
27.25
45.00
23.13
27.25
45.00
24.59
27.25
45.00
25.59
27.31
45.00
26.59
27.31
45.00
27.60
27.25
45.00
28.60
27.25
45.00
29.61
27.25
45.00
30.61
27.31
45.00
31.61
27.25
45.00
32.61
27.31
45.00
33.62
27.25
45.00
35.07
27.25
45.00
36.07
27.31
45.00
37.08
27.31
45.00
38.08
27.31
45.00
39.08
27.31
45.00
40.09
27.31
45.00
41.09
27.31
45.00
42.09
27.31
45.00
43.09
27.31
45.00
44.55
27.25
45.00
45.55
27.31
45.00
46.56
27.31
45.00
47.56
27.31
45.00
48.56
27.31
45.00
49.57
27.31
45.00
50.57
27.31
45.00
51.57
27.31
45.00
52.57
27.31
45.00
53.58
27.31
45.00
55.03
27.31
45.00
56.04
27.31
45.00
57.04
27.31
45.00
58.04
27.37
45.00
59.04
27.31
45.00
60.05
27.37
45.00
61.05
27.31
45.00
62.06
27.31
45.00
63.06
27.37
45.00
64.51
27.31
45.00
65.51
27.31
45.00
66.52
27.31
45.00
67.52
27.31
45.00
68.52
27.18
45.00
69.53
27.18
45.00
70.53
27.12
45.00
71.53
27.06
45.00
72.54
27.00
45.00
73.54
27.00
45.00
74.99
26.93
45.00
76.00
26.87
45.00
77.00
26.87
45.00
78.00
26.81
45.00
79.01
26.81
45.00
80.01
26.75
45.00
81.01
26.68
45.00
82.02
26.68
45.00
83.02
